# times, data
0.000000000000000000e+00 6.157225224794134828e-23
9.765625000000000000e-04 -2.230732345996849866e-22
1.953125000000000000e-03 5.317453772867529118e-22
2.929687500000000000e-03 -4.107266218259331839e-22
3.906250000000000000e-03 4.448709924456758238e-22
4.882812500000000000e-03 3.662419985056934059e-22
5.859375000000000000e-03 -5.746677742465691654e-23
6.835937500000000000e-03 1.930833626971427624e-22
7.812500000000000000e-03 1.799966008471666233e-22
8.789062500000000000e-03 -1.368430659946993935e-22
9.765625000000000000e-03 -1.415323866920868573e-22
1.074218750000000000e-02 -3.740107367670919708e-23
1.171875000000000000e-02 4.979095225807202990e-23
1.269531250000000000e-02 -3.732906049197007990e-22
1.367187500000000000e-02 3.703459896348521021e-22
1.464843750000000000e-02 2.613336382698312399e-23
1.562500000000000000e-02 2.954864087283707695e-22
1.660156250000000000e-02 2.740215412784442166e-22
1.757812500000000000e-02 4.322223004499237399e-22
1.855468750000000000e-02 -2.000923970529413707e-25
1.953125000000000000e-02 -3.591508591134924919e-22
2.050781250000000000e-02 -1.194059511771303095e-22
2.148437500000000000e-02 1.276010842456943935e-22
2.246093750000000000e-02 -1.266854725879278844e-22
2.343750000000000000e-02 -1.128285779784074229e-22
2.441406250000000000e-02 5.414324318284902638e-24
2.539062500000000000e-02 -4.762522175398990336e-22
2.636718750000000000e-02 -5.433358297031338258e-23
2.734375000000000000e-02 3.461463440055846967e-22
2.832031250000000000e-02 -2.862361012663507950e-23
2.929687500000000000e-02 -4.730363834590827544e-22
3.027343750000000000e-02 -5.423390061646953195e-23
3.125000000000000000e-02 1.340567688919645787e-23
3.222656250000000000e-02 3.906777738573547923e-22
3.320312500000000000e-02 3.507800551507268966e-23
3.417968750000000000e-02 1.679298324861162100e-22
3.515625000000000000e-02 1.438850204422678028e-22
3.613281250000000000e-02 1.865950105451509577e-22
3.710937500000000000e-02 3.822224547731597699e-22
3.808593750000000000e-02 -5.612045808428746955e-23
3.906250000000000000e-02 -3.230701528237544166e-22
4.003906250000000000e-02 -4.946842267193799233e-24
4.101562500000000000e-02 -2.530514912054791476e-22
4.199218750000000000e-02 -6.428351609428758193e-23
4.296875000000000000e-02 1.467909405594741420e-22
4.394531250000000000e-02 7.744986463582131572e-24
4.492187500000000000e-02 2.119140815552862688e-22
4.589843750000000000e-02 -2.658371290934252608e-23
4.687500000000000000e-02 -3.672521579016399868e-22
4.785156250000000000e-02 8.242366589561942736e-23
4.882812500000000000e-02 -5.450190598169723802e-22
4.980468750000000000e-02 3.933115812695783850e-23
5.078125000000000000e-02 -1.199320043260687926e-22
5.175781250000000000e-02 8.212174459250419905e-23
5.273437500000000000e-02 -1.534834938052866220e-22
5.371093750000000000e-02 -9.389666928517788860e-24
5.468750000000000000e-02 -9.693329392915936534e-23
5.566406250000000000e-02 6.665810337392425648e-23
5.664062500000000000e-02 -1.605301730527831028e-22
5.761718750000000000e-02 -3.683213174669250884e-22
5.859375000000000000e-02 4.827425380396411984e-23
5.957031250000000000e-02 -8.312759428229181012e-23
6.054687500000000000e-02 2.570580632063845420e-22
6.152343750000000000e-02 1.592689469038520931e-22
6.250000000000000000e-02 -1.008536914690903505e-22
6.347656250000000000e-02 1.379562904551831878e-24
6.445312500000000000e-02 1.742456321901772107e-22
6.542968750000000000e-02 1.853056836466267089e-22
6.640625000000000000e-02 -4.833801059226479811e-23
6.738281250000000000e-02 -1.892938585076474424e-22
6.835937500000000000e-02 -3.001781435390887159e-22
6.933593750000000000e-02 3.416734253889390925e-22
7.031250000000000000e-02 -4.505802540867282001e-22
7.128906250000000000e-02 2.308080579821433995e-22
7.226562500000000000e-02 -4.591984783637067426e-23
7.324218750000000000e-02 -2.446511221196096994e-22
7.421875000000000000e-02 2.547207632956043677e-23
7.519531250000000000e-02 2.813404858669492772e-22
7.617187500000000000e-02 1.639276848502091166e-22
7.714843750000000000e-02 -3.397371413339444545e-22
7.812500000000000000e-02 9.028200330953037277e-24
7.910156250000000000e-02 7.772518905503819090e-23
8.007812500000000000e-02 2.067248540775863611e-22
8.105468750000000000e-02 -5.206145670062815439e-23
8.203125000000000000e-02 9.324362979033718971e-23
8.300781250000000000e-02 8.717384155004436612e-23
8.398437500000000000e-02 4.163083928644275277e-22
8.496093750000000000e-02 -9.800132051077375685e-23
8.593750000000000000e-02 1.094040462065406639e-22
8.691406250000000000e-02 -3.458972900231973855e-22
8.789062500000000000e-02 -1.227286896253493816e-22
8.886718750000000000e-02 -1.629204978487266750e-22
8.984375000000000000e-02 -7.504710982197589984e-23
9.082031250000000000e-02 5.391038560377463791e-23
9.179687500000000000e-02 -2.839795432938483205e-22
9.277343750000000000e-02 3.327832963650076489e-23
9.375000000000000000e-02 -6.050374867744312868e-23
9.472656250000000000e-02 -2.979978730690947313e-23
9.570312500000000000e-02 2.572875056410233373e-22
9.667968750000000000e-02 -5.115750082652132434e-23
9.765625000000000000e-02 1.574599031606143432e-22
9.863281250000000000e-02 9.156384061332274067e-23
9.960937500000000000e-02 1.747113370341799073e-22
1.005859375000000000e-01 -2.976902204904235847e-22
1.015625000000000000e-01 2.942831325654150649e-22
1.025390625000000000e-01 -1.981857370593787744e-22
1.035156250000000000e-01 -4.164728531458794740e-23
1.044921875000000000e-01 1.230274810345126513e-22
1.054687500000000000e-01 1.500646396108857588e-22
1.064453125000000000e-01 3.675828505924686276e-22
1.074218750000000000e-01 -1.925932986013818404e-22
1.083984375000000000e-01 -6.297784083456008129e-24
1.093750000000000000e-01 -1.380039802022214061e-22
1.103515625000000000e-01 -1.462959473087326866e-22
1.113281250000000000e-01 -1.814696924060099791e-22
1.123046875000000000e-01 3.515143845817471328e-22
1.132812500000000000e-01 2.931659294507166422e-23
1.142578125000000000e-01 7.584244898995446788e-24
1.152343750000000000e-01 -3.603665898770517495e-22
1.162109375000000000e-01 -1.533722776943729439e-22
1.171875000000000000e-01 -1.911158440322319972e-22
1.181640625000000000e-01 2.739381934291898072e-23
1.191406250000000000e-01 -6.458084106461841006e-23
1.201171875000000000e-01 -1.080535380732721856e-22
1.210937500000000000e-01 3.112010986712776011e-23
1.220703125000000000e-01 -2.186868077526373708e-22
1.230468750000000000e-01 9.089138030926923752e-23
1.240234375000000000e-01 2.308671265151322218e-22
1.250000000000000000e-01 -2.631762803792919928e-22
1.259765625000000000e-01 -1.787076638068945797e-22
1.269531250000000000e-01 6.139505062843160204e-23
1.279296875000000000e-01 -3.172767652510458192e-22
1.289062500000000000e-01 -1.983689461968533024e-22
1.298828125000000000e-01 2.596543050857043449e-22
1.308593750000000000e-01 1.705990504582432068e-23
1.318359375000000000e-01 1.849173250109594067e-22
1.328125000000000000e-01 1.353386094606048347e-22
1.337890625000000000e-01 -1.936757624970311770e-22
1.347656250000000000e-01 -1.857617815093826824e-22
1.357421875000000000e-01 -8.766528452205175855e-23
1.367187500000000000e-01 -3.670387412913426421e-22
1.376953125000000000e-01 3.032416664784985232e-22
1.386718750000000000e-01 3.927858307010086459e-23
1.396484375000000000e-01 1.074358056258060526e-22
1.406250000000000000e-01 -3.903330705865662099e-22
1.416015625000000000e-01 -1.086808725200193896e-22
1.425781250000000000e-01 7.904977965225834062e-23
1.435546875000000000e-01 1.399307519405926909e-22
1.445312500000000000e-01 -2.141439002338345019e-22
1.455078125000000000e-01 4.500320422016530899e-23
1.464843750000000000e-01 -8.968700777675862541e-23
1.474609375000000000e-01 -1.020500040240356566e-22
1.484375000000000000e-01 2.591154149563136630e-22
1.494140625000000000e-01 -2.407116438136759300e-22
1.503906250000000000e-01 -3.278827958246935482e-22
1.513671875000000000e-01 -1.052087557350744239e-22
1.523437500000000000e-01 2.064922458131081598e-23
1.533203125000000000e-01 3.491299810391596129e-22
1.542968750000000000e-01 -1.761840517783007835e-22
1.552734375000000000e-01 -1.847430921909345268e-22
1.562500000000000000e-01 1.541650529947893479e-22
1.572265625000000000e-01 -3.555557028159322172e-22
1.582031250000000000e-01 1.483583749495622413e-22
1.591796875000000000e-01 2.612763064428767484e-22
1.601562500000000000e-01 1.774037182485703426e-22
1.611328125000000000e-01 -2.283039584583279855e-22
1.621093750000000000e-01 1.141645272147067407e-22
1.630859375000000000e-01 1.371868555651243474e-22
1.640625000000000000e-01 -3.313460713047825999e-22
1.650390625000000000e-01 5.090525032674037121e-22
1.660156250000000000e-01 6.464878420111497642e-23
1.669921875000000000e-01 1.938310427048416178e-22
1.679687500000000000e-01 -5.392111012657081999e-22
1.689453125000000000e-01 -3.474377923170290681e-23
1.699218750000000000e-01 4.928315000055143487e-23
1.708984375000000000e-01 -1.466845898571738954e-22
1.718750000000000000e-01 -6.250137525966387281e-24
1.728515625000000000e-01 -4.286018568067893608e-22
1.738281250000000000e-01 3.004569451557325853e-22
1.748046875000000000e-01 3.645865356683751753e-23
1.757812500000000000e-01 1.102082246678981623e-22
1.767578125000000000e-01 3.499488732062945114e-22
1.777343750000000000e-01 4.593596669686443115e-22
1.787109375000000000e-01 5.783535132966886804e-23
1.796875000000000000e-01 -4.313224050989952238e-22
1.806640625000000000e-01 4.203474864519448172e-22
1.816406250000000000e-01 3.612896632682665332e-22
1.826171875000000000e-01 -1.276499540927422358e-22
1.835937500000000000e-01 1.306427076890301760e-23
1.845703125000000000e-01 -6.507328900512661068e-23
1.855468750000000000e-01 -1.940041080583336805e-22
1.865234375000000000e-01 -9.966014992909249566e-23
1.875000000000000000e-01 -5.164816469837063071e-22
1.884765625000000000e-01 1.090572733193219254e-22
1.894531250000000000e-01 2.070628628311654953e-22
1.904296875000000000e-01 -1.218544304724728758e-22
1.914062500000000000e-01 -2.683332446160208725e-24
1.923828125000000000e-01 -2.040562157165950299e-22
1.933593750000000000e-01 -4.716532351970554192e-23
1.943359375000000000e-01 2.288888807749872582e-22
1.953125000000000000e-01 -2.011842224476985073e-22
1.962890625000000000e-01 3.931184613611819786e-22
1.972656250000000000e-01 9.432328668010211642e-23
1.982421875000000000e-01 -2.382889762846228838e-22
1.992187500000000000e-01 -4.115729456401985986e-22
2.001953125000000000e-01 1.749467958571372066e-22
2.011718750000000000e-01 8.245411220946753555e-23
2.021484375000000000e-01 7.850394362171243039e-23
2.031250000000000000e-01 -3.812276338337398555e-22
2.041015625000000000e-01 2.157749668648715272e-22
2.050781250000000000e-01 1.312068090406404747e-22
2.060546875000000000e-01 -1.661954773059990082e-22
2.070312500000000000e-01 1.691920526954968068e-22
2.080078125000000000e-01 -3.119862067536213561e-22
2.089843750000000000e-01 4.552076045775990640e-22
2.099609375000000000e-01 3.177264982037003556e-23
2.109375000000000000e-01 -1.753283164931447597e-22
2.119140625000000000e-01 -1.105994125235861531e-23
2.128906250000000000e-01 -3.110477757393139183e-23
2.138671875000000000e-01 1.258386226747022418e-23
2.148437500000000000e-01 4.655401092713159256e-22
2.158203125000000000e-01 -1.849571108238224562e-22
2.167968750000000000e-01 7.909598928191253133e-23
2.177734375000000000e-01 -4.197819343240559883e-22
2.187500000000000000e-01 -6.208551312979389868e-24
2.197265625000000000e-01 -5.930735518748975268e-22
2.207031250000000000e-01 -6.670373756226254881e-24
2.216796875000000000e-01 -3.115187919484648064e-22
2.226562500000000000e-01 -4.413206117759752320e-23
2.236328125000000000e-01 -2.584361553975646100e-22
2.246093750000000000e-01 4.473700689467507467e-22
2.255859375000000000e-01 2.615015626732292342e-22
2.265625000000000000e-01 8.957095845115069569e-24
2.275390625000000000e-01 3.418184133777132712e-22
2.285156250000000000e-01 1.353922522621186525e-22
2.294921875000000000e-01 3.231072572289673188e-22
2.304687500000000000e-01 -2.368525889364753350e-23
2.314453125000000000e-01 -2.300368222908519519e-22
2.324218750000000000e-01 2.927836984792164946e-22
2.333984375000000000e-01 1.315897143853379567e-23
2.343750000000000000e-01 3.542027147480252095e-22
2.353515625000000000e-01 7.589771679318494369e-23
2.363281250000000000e-01 -1.116738308378834589e-22
2.373046875000000000e-01 -2.474054346785363163e-22
2.382812500000000000e-01 7.253470623738152535e-23
2.392578125000000000e-01 -2.201390538904932557e-22
2.402343750000000000e-01 1.841689140162338336e-22
2.412109375000000000e-01 -3.470170857191751226e-22
2.421875000000000000e-01 -2.269472931097395408e-22
2.431640625000000000e-01 -5.572000888189882586e-22
2.441406250000000000e-01 -2.871164845672078167e-22
2.451171875000000000e-01 -6.965950404484150783e-24
2.460937500000000000e-01 9.689228757054322810e-23
2.470703125000000000e-01 -2.410859827376137778e-22
2.480468750000000000e-01 -1.011031944252823594e-22
2.490234375000000000e-01 2.907612794553062502e-22
2.500000000000000000e-01 2.536371931705881963e-22
2.509765625000000000e-01 -2.626536478886490201e-22
2.519531250000000000e-01 7.177067612290121378e-23
2.529296875000000000e-01 8.036112135702690035e-23
2.539062500000000000e-01 -7.714067380280205703e-24
2.548828125000000000e-01 1.587341250688547721e-22
2.558593750000000000e-01 -1.753894819961750940e-22
2.568359375000000000e-01 -4.255426761589756834e-22
2.578125000000000000e-01 3.935790713507183936e-22
2.587890625000000000e-01 6.124449390994742843e-23
2.597656250000000000e-01 4.903661070531954595e-22
2.607421875000000000e-01 2.129727021478618934e-22
2.617187500000000000e-01 2.727694039140321608e-23
2.626953125000000000e-01 1.375336200453330082e-22
2.636718750000000000e-01 2.774477797554073549e-22
2.646484375000000000e-01 -1.085446141485730055e-22
2.656250000000000000e-01 -3.590944605219218303e-22
2.666015625000000000e-01 1.479911680316706894e-22
2.675781250000000000e-01 4.471130504179867915e-22
2.685546875000000000e-01 -1.550442435193051896e-22
2.695312500000000000e-01 -1.255066524727661742e-22
2.705078125000000000e-01 5.715132657827556399e-23
2.714843750000000000e-01 -4.273180769313749359e-22
2.724609375000000000e-01 8.095636994936719716e-24
2.734375000000000000e-01 2.820112287568084098e-22
2.744140625000000000e-01 1.079924664602061509e-23
2.753906250000000000e-01 -5.859066639579486677e-23
2.763671875000000000e-01 -3.263493822337560136e-23
2.773437500000000000e-01 -1.484052245780106058e-22
2.783203125000000000e-01 -2.210862650997565555e-22
2.792968750000000000e-01 -1.369121071079436378e-22
2.802734375000000000e-01 -1.101949887305312918e-22
2.812500000000000000e-01 -1.492639863345496480e-22
2.822265625000000000e-01 -8.489517082093070855e-23
2.832031250000000000e-01 -3.667952786389509226e-23
2.841796875000000000e-01 5.500206943858785408e-23
2.851562500000000000e-01 4.219250104623009856e-22
2.861328125000000000e-01 3.641319886896457686e-22
2.871093750000000000e-01 -3.749006439973851509e-23
2.880859375000000000e-01 -8.290725856677600709e-23
2.890625000000000000e-01 4.037780721661431337e-22
2.900390625000000000e-01 1.828663041883830172e-22
2.910156250000000000e-01 3.178792856729089602e-22
2.919921875000000000e-01 -3.480806156504801682e-22
2.929687500000000000e-01 9.872940324968504266e-23
2.939453125000000000e-01 1.428579784222559945e-22
2.949218750000000000e-01 1.225949644874264621e-22
2.958984375000000000e-01 3.547365470291861714e-22
2.968750000000000000e-01 3.032088036689588265e-22
2.978515625000000000e-01 3.258864413293268375e-23
2.988281250000000000e-01 -9.888675082288708325e-23
2.998046875000000000e-01 7.411157276577178276e-23
3.007812500000000000e-01 -1.242024320528724520e-22
3.017578125000000000e-01 -2.156439764009189466e-22
3.027343750000000000e-01 -2.609373109693888803e-22
3.037109375000000000e-01 6.534482164733963428e-23
3.046875000000000000e-01 -3.020232006004602475e-22
3.056640625000000000e-01 1.167284988307280655e-22
3.066406250000000000e-01 7.278735281037243271e-22
3.076171875000000000e-01 -1.086728937558719343e-22
3.085937500000000000e-01 3.299370452918651579e-22
3.095703125000000000e-01 -3.194582861138476063e-22
3.105468750000000000e-01 3.485266788134495219e-23
3.115234375000000000e-01 -1.195383743480399604e-22
3.125000000000000000e-01 3.682875039952564570e-22
3.134765625000000000e-01 -2.708774637703808041e-22
3.144531250000000000e-01 1.893892750575496235e-23
3.154296875000000000e-01 1.166024073700246874e-22
3.164062500000000000e-01 2.017770725615019758e-22
3.173828125000000000e-01 1.038472270290922049e-22
3.183593750000000000e-01 -2.067376871199084118e-22
3.193359375000000000e-01 6.722303172368582995e-23
3.203125000000000000e-01 -6.886847099434014204e-23
3.212890625000000000e-01 2.338305312632608351e-22
3.222656250000000000e-01 -1.721373498043023880e-22
3.232421875000000000e-01 -2.647240344848794382e-22
3.242187500000000000e-01 6.386890409829014060e-23
3.251953125000000000e-01 -7.073321624878321350e-23
3.261718750000000000e-01 -1.916514991409700697e-23
3.271484375000000000e-01 -3.517738833021674606e-22
3.281250000000000000e-01 -2.487187620654346968e-22
3.291015625000000000e-01 2.365570305560398853e-22
3.300781250000000000e-01 3.059742455101609599e-24
3.310546875000000000e-01 -3.483513143054389009e-23
3.320312500000000000e-01 -6.311808656658339545e-23
3.330078125000000000e-01 1.958670440210577160e-22
3.339843750000000000e-01 -3.120913508946206835e-22
3.349609375000000000e-01 1.392772104533394358e-22
3.359375000000000000e-01 -3.243483932293000135e-24
3.369140625000000000e-01 1.596002985519125557e-22
3.378906250000000000e-01 4.514262890062400913e-23
3.388671875000000000e-01 6.453185412834601431e-23
3.398437500000000000e-01 -1.190480580024151836e-22
3.408203125000000000e-01 -2.306511943993215430e-22
3.417968750000000000e-01 -1.194837789157053652e-22
3.427734375000000000e-01 -5.478051400607944992e-23
3.437500000000000000e-01 -2.827228762695534706e-22
3.447265625000000000e-01 -4.129651904352487077e-22
3.457031250000000000e-01 4.458316805398905013e-23
3.466796875000000000e-01 5.570528142367050463e-23
3.476562500000000000e-01 -2.012637806946282343e-22
3.486328125000000000e-01 4.949261213273805035e-23
3.496093750000000000e-01 -2.552219336775840349e-22
3.505859375000000000e-01 -5.120570792444942041e-22
3.515625000000000000e-01 -7.497522173839559613e-23
3.525390625000000000e-01 -5.964576509504691977e-23
3.535156250000000000e-01 3.036347943697691552e-22
3.544921875000000000e-01 -1.708691673402469865e-22
3.554687500000000000e-01 3.251506191717296581e-23
3.564453125000000000e-01 -3.583782128920739880e-23
3.574218750000000000e-01 2.170585372693941484e-22
3.583984375000000000e-01 3.661767871252153698e-22
3.593750000000000000e-01 1.525042942940307684e-22
3.603515625000000000e-01 7.201256249522036457e-23
3.613281250000000000e-01 -1.345815076339363444e-22
3.623046875000000000e-01 2.751290023987039907e-24
3.632812500000000000e-01 3.690592862594229993e-22
3.642578125000000000e-01 3.602569815114304013e-22
3.652343750000000000e-01 3.468838487908840545e-22
3.662109375000000000e-01 -1.687252099391571070e-22
3.671875000000000000e-01 6.899027181031492265e-23
3.681640625000000000e-01 1.686332065661360361e-22
3.691406250000000000e-01 -4.768874118616025130e-22
3.701171875000000000e-01 4.603908838085514160e-23
3.710937500000000000e-01 3.461950190313473344e-22
3.720703125000000000e-01 -2.058736577531876394e-22
3.730468750000000000e-01 1.432989029685201392e-22
3.740234375000000000e-01 7.952414572291075298e-23
3.750000000000000000e-01 4.342271145386281149e-24
3.759765625000000000e-01 1.291675794639102511e-22
3.769531250000000000e-01 -6.012526985833838025e-24
3.779296875000000000e-01 3.056061566867752284e-23
3.789062500000000000e-01 -2.197103206500660422e-22
3.798828125000000000e-01 -6.583314885214741351e-24
3.808593750000000000e-01 -2.485022349658134373e-22
3.818359375000000000e-01 1.645503057590602689e-22
3.828125000000000000e-01 -2.459724980798820517e-22
3.837890625000000000e-01 -5.049118895807761611e-23
3.847656250000000000e-01 -9.247612219351615217e-23
3.857421875000000000e-01 -8.400372359227998277e-23
3.867187500000000000e-01 -1.420470796016271639e-22
3.876953125000000000e-01 5.295341492769980159e-23
3.886718750000000000e-01 8.379919155686954195e-24
3.896484375000000000e-01 1.162560918785962049e-22
3.906250000000000000e-01 -2.446277026722991558e-23
3.916015625000000000e-01 2.830739709555859975e-22
3.925781250000000000e-01 2.273317812550667720e-22
3.935546875000000000e-01 4.163734828167553781e-23
3.945312500000000000e-01 3.580394740437818071e-22
3.955078125000000000e-01 -1.458648029436096624e-22
3.964843750000000000e-01 -6.609582112277412828e-22
3.974609375000000000e-01 5.042917919352404291e-23
3.984375000000000000e-01 -1.347646466587406924e-22
3.994140625000000000e-01 2.468142523048288718e-23
4.003906250000000000e-01 -6.472952656431693338e-23
4.013671875000000000e-01 1.514346414155750816e-22
4.023437500000000000e-01 -3.007594903976828498e-22
4.033203125000000000e-01 2.931567434234231790e-23
4.042968750000000000e-01 2.251192111997950418e-22
4.052734375000000000e-01 3.220824643398284065e-22
4.062500000000000000e-01 -1.338627987207936359e-22
4.072265625000000000e-01 -9.282885628033085832e-23
4.082031250000000000e-01 6.666765826005685302e-23
4.091796875000000000e-01 9.507822262090228840e-23
4.101562500000000000e-01 -3.817419864352735386e-22
4.111328125000000000e-01 -1.060736318457887544e-22
4.121093750000000000e-01 -2.293113100935995091e-22
4.130859375000000000e-01 1.322338775598168257e-22
4.140625000000000000e-01 -2.821525002663927344e-23
4.150390625000000000e-01 6.714664514352069538e-23
4.160156250000000000e-01 2.412772331116526552e-22
4.169921875000000000e-01 -8.789414392973156341e-23
4.179687500000000000e-01 1.657631095514458031e-22
4.189453125000000000e-01 -3.650042777197890334e-22
4.199218750000000000e-01 -2.696651412204574809e-24
4.208984375000000000e-01 -3.942092734153105232e-22
4.218750000000000000e-01 -1.031056502183605039e-22
4.228515625000000000e-01 2.120070218969299720e-22
4.238281250000000000e-01 -2.380590290572308398e-22
4.248046875000000000e-01 -4.208136063921671566e-23
4.257812500000000000e-01 7.953277587920281354e-23
4.267578125000000000e-01 3.814129237674132078e-22
4.277343750000000000e-01 -5.471135587088216023e-23
4.287109375000000000e-01 -1.005196152623695110e-22
4.296875000000000000e-01 -5.074566488660754331e-22
4.306640625000000000e-01 4.664254890416846661e-22
4.316406250000000000e-01 3.160880854887444512e-22
4.326171875000000000e-01 -6.417694031304297208e-23
4.335937500000000000e-01 4.291087038341377750e-22
4.345703125000000000e-01 4.675861169179334316e-22
4.355468750000000000e-01 -3.499131599388887291e-23
4.365234375000000000e-01 1.663724375707392812e-22
4.375000000000000000e-01 1.136922783101728636e-22
4.384765625000000000e-01 3.311257538586768761e-23
4.394531250000000000e-01 -2.476257950366148589e-22
4.404296875000000000e-01 2.694254186496751258e-22
4.414062500000000000e-01 1.368088619896596371e-22
4.423828125000000000e-01 -1.169881392248072379e-23
4.433593750000000000e-01 4.273083327655746951e-23
4.443359375000000000e-01 -1.969853020971798067e-22
4.453125000000000000e-01 6.825040535909032841e-23
4.462890625000000000e-01 -2.656643746411529389e-22
4.472656250000000000e-01 7.759866926415599438e-23
4.482421875000000000e-01 2.095245940539583244e-22
4.492187500000000000e-01 -1.181296505934362202e-22
4.501953125000000000e-01 -3.229997362311021407e-23
4.511718750000000000e-01 2.026169477842493885e-23
4.521484375000000000e-01 2.103753878082670837e-22
4.531250000000000000e-01 -3.003264021048121921e-22
4.541015625000000000e-01 -8.447558597306205298e-23
4.550781250000000000e-01 1.837633761639331458e-22
4.560546875000000000e-01 -2.410548235703150047e-22
4.570312500000000000e-01 1.481438886426730994e-22
4.580078125000000000e-01 4.480968270906498534e-22
4.589843750000000000e-01 1.152004124216823072e-22
4.599609375000000000e-01 1.067791085539234432e-22
4.609375000000000000e-01 -1.351385370336974187e-22
4.619140625000000000e-01 -2.890500647904554580e-22
4.628906250000000000e-01 7.458864111697893701e-23
4.638671875000000000e-01 1.142778404244670534e-22
4.648437500000000000e-01 -2.575232589407627124e-22
4.658203125000000000e-01 -3.467234144356594002e-22
4.667968750000000000e-01 -2.597798552198489513e-22
4.677734375000000000e-01 4.059467458687245980e-22
4.687500000000000000e-01 -1.437657244364712059e-22
4.697265625000000000e-01 2.420316223136102493e-23
4.707031250000000000e-01 4.019174045995692970e-22
4.716796875000000000e-01 9.788751867312169494e-23
4.726562500000000000e-01 1.079549066770530863e-22
4.736328125000000000e-01 3.131986614312692829e-22
4.746093750000000000e-01 1.816416073909186149e-22
4.755859375000000000e-01 2.807192402672563238e-22
4.765625000000000000e-01 -4.798573801416819867e-23
4.775390625000000000e-01 -1.671913781323197603e-24
4.785156250000000000e-01 -1.404284108392070223e-22
4.794921875000000000e-01 -5.355098710533874041e-22
4.804687500000000000e-01 1.223655658901379208e-22
4.814453125000000000e-01 1.708523484949390198e-22
4.824218750000000000e-01 -1.249237390977418902e-22
4.833984375000000000e-01 -1.710049225879517170e-22
4.843750000000000000e-01 1.927303267170595524e-22
4.853515625000000000e-01 -2.100039175576543712e-22
4.863281250000000000e-01 -1.965760452495066963e-22
4.873046875000000000e-01 -2.463298064781292091e-22
4.882812500000000000e-01 2.349121728363319318e-22
4.892578125000000000e-01 2.381681757541743382e-22
4.902343750000000000e-01 -2.837423754377347098e-23
4.912109375000000000e-01 -1.190464520949102115e-22
4.921875000000000000e-01 -1.188469301288619663e-22
4.931640625000000000e-01 -7.537865604747232868e-23
4.941406250000000000e-01 -2.182208117684666531e-22
4.951171875000000000e-01 -3.637832705633104531e-22
4.960937500000000000e-01 2.675942222682786804e-22
4.970703125000000000e-01 -2.328505341228325857e-23
4.980468750000000000e-01 -1.673663394359774157e-22
4.990234375000000000e-01 -3.199893483993513821e-23
5.000000000000000000e-01 -2.066054397586235420e-22
5.009765625000000000e-01 1.671752312212852647e-23
5.019531250000000000e-01 8.562482514735585533e-23
5.029296875000000000e-01 2.224511608945558398e-22
5.039062500000000000e-01 1.932250414644361419e-22
5.048828125000000000e-01 -2.203949487722626406e-22
5.058593750000000000e-01 2.656989888660352310e-22
5.068359375000000000e-01 9.321625504291881323e-24
5.078125000000000000e-01 -1.350730696085945012e-22
5.087890625000000000e-01 3.635575181749566471e-22
5.097656250000000000e-01 5.611833635266443853e-24
5.107421875000000000e-01 1.867896742230334570e-22
5.117187500000000000e-01 -1.764236740865595976e-22
5.126953125000000000e-01 2.524048190395062193e-23
5.136718750000000000e-01 -1.914105820570532670e-23
5.146484375000000000e-01 6.412412934602218808e-23
5.156250000000000000e-01 1.428033222890528033e-22
5.166015625000000000e-01 -1.891651481319589836e-22
5.175781250000000000e-01 -3.532431371934935471e-22
5.185546875000000000e-01 -2.378822697221118888e-22
5.195312500000000000e-01 -1.229204457026771279e-22
5.205078125000000000e-01 -1.525474521159180016e-23
5.214843750000000000e-01 4.889771939962438556e-23
5.224609375000000000e-01 -2.329643313622520499e-22
5.234375000000000000e-01 3.544769189326444584e-23
5.244140625000000000e-01 -1.913563640508030443e-23
5.253906250000000000e-01 2.877836647317241058e-22
5.263671875000000000e-01 -2.358766669518604463e-22
5.273437500000000000e-01 -3.222695290798146004e-23
5.283203125000000000e-01 2.420921826974396823e-22
5.292968750000000000e-01 -2.085470589503593612e-22
5.302734375000000000e-01 -3.990622432486059265e-23
5.312500000000000000e-01 -7.040756308869345005e-23
5.322265625000000000e-01 -1.936229901582143958e-22
5.332031250000000000e-01 9.703082272660547802e-24
5.341796875000000000e-01 1.175489538282875789e-22
5.351562500000000000e-01 -2.991088316206589565e-22
5.361328125000000000e-01 5.047604386334948465e-22
5.371093750000000000e-01 1.784839956722417972e-22
5.380859375000000000e-01 9.122102862622835431e-23
5.390625000000000000e-01 -1.758799380902058500e-22
5.400390625000000000e-01 1.755809250699688054e-22
5.410156250000000000e-01 5.666648976194640538e-22
5.419921875000000000e-01 6.908312287447768295e-23
5.429687500000000000e-01 4.538206734312451981e-22
5.439453125000000000e-01 2.757360148245941436e-22
5.449218750000000000e-01 1.348888322324297878e-22
5.458984375000000000e-01 3.300795903010998615e-22
5.468750000000000000e-01 2.717959914176678121e-23
5.478515625000000000e-01 -3.565717147480385243e-24
5.488281250000000000e-01 -5.368204329325253350e-22
5.498046875000000000e-01 -2.389530701791778617e-23
5.507812500000000000e-01 1.680915288541870245e-22
5.517578125000000000e-01 -1.984588858236342774e-22
5.527343750000000000e-01 9.137264292091707928e-23
5.537109375000000000e-01 -1.077189775415490156e-22
5.546875000000000000e-01 -4.043153316959996795e-22
5.556640625000000000e-01 -2.402696081442836455e-22
5.566406250000000000e-01 1.618541768730406648e-22
5.576171875000000000e-01 -1.115337538281982091e-22
5.585937500000000000e-01 -5.601689282637732451e-22
5.595703125000000000e-01 1.362192026518666936e-22
5.605468750000000000e-01 -2.329984887739028174e-22
5.615234375000000000e-01 2.031255563532915080e-22
5.625000000000000000e-01 3.952711845605698258e-22
5.634765625000000000e-01 4.182276983032430254e-22
5.644531250000000000e-01 5.910303098178967482e-23
5.654296875000000000e-01 2.677263363067923397e-23
5.664062500000000000e-01 -2.229166499532137228e-22
5.673828125000000000e-01 -1.534034293558738259e-22
5.683593750000000000e-01 1.538045718391055913e-22
5.693359375000000000e-01 2.258622296222004795e-22
5.703125000000000000e-01 -2.098669443808767296e-22
5.712890625000000000e-01 1.310271519731165381e-22
5.722656250000000000e-01 1.806699806455381988e-23
5.732421875000000000e-01 1.681886042944472215e-22
5.742187500000000000e-01 2.121647787320296658e-22
5.751953125000000000e-01 6.626572890721503165e-22
5.761718750000000000e-01 1.984433149337739778e-22
5.771484375000000000e-01 2.715054145857761806e-22
5.781250000000000000e-01 -1.005427704448771332e-22
5.791015625000000000e-01 2.739133757508700425e-22
5.800781250000000000e-01 2.669854062492431306e-22
5.810546875000000000e-01 4.174517362358126411e-23
5.820312500000000000e-01 4.965493451354927074e-23
5.830078125000000000e-01 2.240829798574118438e-23
5.839843750000000000e-01 2.065529665418201435e-22
5.849609375000000000e-01 -2.387819760743391970e-22
5.859375000000000000e-01 -2.026441222782815651e-22
5.869140625000000000e-01 -6.681447994098827768e-23
5.878906250000000000e-01 -8.413846726696944748e-23
5.888671875000000000e-01 6.009842682587609357e-23
5.898437500000000000e-01 -1.189419631657601417e-23
5.908203125000000000e-01 -6.191171916249636187e-23
5.917968750000000000e-01 1.875062835112322082e-22
5.927734375000000000e-01 1.305493241961717933e-22
5.937500000000000000e-01 -2.768906758748656591e-22
5.947265625000000000e-01 -7.241362017421053168e-23
5.957031250000000000e-01 -2.917806169418551855e-23
5.966796875000000000e-01 1.006074413759549254e-22
5.976562500000000000e-01 -9.578388087617757989e-24
5.986328125000000000e-01 2.742093784026164799e-22
5.996093750000000000e-01 -1.575045323821463554e-23
6.005859375000000000e-01 -3.375642093073472745e-22
6.015625000000000000e-01 2.517324610845553780e-22
6.025390625000000000e-01 2.503355056108238418e-22
6.035156250000000000e-01 -3.894793286223638916e-24
6.044921875000000000e-01 -9.963120804947353736e-23
6.054687500000000000e-01 -1.472647776973907426e-22
6.064453125000000000e-01 1.202054142510594231e-22
6.074218750000000000e-01 -2.618237032073895979e-22
6.083984375000000000e-01 1.036278339335345748e-23
6.093750000000000000e-01 -9.310446268015128118e-24
6.103515625000000000e-01 -1.192622807441641523e-22
6.113281250000000000e-01 2.859244950480655082e-23
6.123046875000000000e-01 9.040448654394036708e-23
6.132812500000000000e-01 -1.092409514271064580e-22
6.142578125000000000e-01 2.206605794083002733e-22
6.152343750000000000e-01 -1.621715979261324925e-22
6.162109375000000000e-01 -7.466144347739698320e-23
6.171875000000000000e-01 3.412390734363077869e-22
6.181640625000000000e-01 -2.145538613174007866e-22
6.191406250000000000e-01 -3.623975415161890492e-22
6.201171875000000000e-01 -2.231416046848611645e-22
6.210937500000000000e-01 1.067844113130174730e-22
6.220703125000000000e-01 1.040722994052576456e-22
6.230468750000000000e-01 3.904844559013488615e-22
6.240234375000000000e-01 -5.873087872009270205e-22
6.250000000000000000e-01 -1.522637404214214287e-22
6.259765625000000000e-01 -4.994399109050455346e-23
6.269531250000000000e-01 5.062005274537189507e-22
6.279296875000000000e-01 -4.132942020804139835e-23
6.289062500000000000e-01 4.899060799573315988e-22
6.298828125000000000e-01 -1.156619429763744970e-22
6.308593750000000000e-01 -4.223535548677866138e-23
6.318359375000000000e-01 -1.355419752353987265e-22
6.328125000000000000e-01 2.241892650811259338e-22
6.337890625000000000e-01 2.720769552828560586e-22
6.347656250000000000e-01 -8.097509540989981260e-23
6.357421875000000000e-01 1.124669847808226061e-22
6.367187500000000000e-01 1.884998683638669330e-22
6.376953125000000000e-01 -1.312548797404224841e-22
6.386718750000000000e-01 -1.046057995856565652e-22
6.396484375000000000e-01 -1.878407139186237983e-22
6.406250000000000000e-01 8.631565010959897292e-23
6.416015625000000000e-01 5.031479655381326628e-23
6.425781250000000000e-01 -3.043694898745961984e-22
6.435546875000000000e-01 -1.771136725852962199e-22
6.445312500000000000e-01 1.647630638002663858e-23
6.455078125000000000e-01 -4.697174862972996135e-22
6.464843750000000000e-01 -1.924353992417808894e-22
6.474609375000000000e-01 1.360329491554843862e-22
6.484375000000000000e-01 3.123157960475512700e-22
6.494140625000000000e-01 3.093062454728342331e-23
6.503906250000000000e-01 2.067209114288668648e-22
6.513671875000000000e-01 2.175809450923626255e-22
6.523437500000000000e-01 -1.066468878268706848e-22
6.533203125000000000e-01 -2.712258688203006591e-22
6.542968750000000000e-01 -3.529291050162572230e-22
6.552734375000000000e-01 3.451109355444666953e-22
6.562500000000000000e-01 1.444786279088460153e-22
6.572265625000000000e-01 2.755265984688484909e-22
6.582031250000000000e-01 -3.401213398664408483e-23
6.591796875000000000e-01 -6.081539934598399839e-23
6.601562500000000000e-01 2.536407979475896005e-24
6.611328125000000000e-01 8.735413701970395749e-23
6.621093750000000000e-01 9.376905823880352232e-23
6.630859375000000000e-01 -6.622650609179076661e-23
6.640625000000000000e-01 1.875993362731146741e-22
6.650390625000000000e-01 -4.316599301396931488e-22
6.660156250000000000e-01 -5.966332163920147494e-23
6.669921875000000000e-01 1.147144019612610044e-22
6.679687500000000000e-01 2.082231585019711669e-23
6.689453125000000000e-01 -8.108070948859368160e-23
6.699218750000000000e-01 -1.930421432888610078e-23
6.708984375000000000e-01 4.972907051491702103e-23
6.718750000000000000e-01 -9.278873477940000325e-23
6.728515625000000000e-01 1.170723225226396456e-22
6.738281250000000000e-01 2.271536233216898320e-22
6.748046875000000000e-01 -8.770887919054743955e-23
6.757812500000000000e-01 4.170194711021009683e-22
6.767578125000000000e-01 2.584801621435328466e-22
6.777343750000000000e-01 -9.444660108566025522e-23
6.787109375000000000e-01 -2.423943058665552608e-22
6.796875000000000000e-01 3.014257266315887273e-22
6.806640625000000000e-01 1.623194288749898800e-23
6.816406250000000000e-01 6.554002024565529693e-22
6.826171875000000000e-01 -2.470651471285269100e-22
6.835937500000000000e-01 1.589923695081650265e-22
6.845703125000000000e-01 -4.787585123050378441e-23
6.855468750000000000e-01 -9.904613354826794039e-23
6.865234375000000000e-01 -1.802875275111922592e-22
6.875000000000000000e-01 -3.704980300785000227e-22
6.884765625000000000e-01 1.276472517125865527e-22
6.894531250000000000e-01 -2.081768383505149319e-22
6.904296875000000000e-01 2.241796891559993841e-22
6.914062500000000000e-01 -3.046367384037694572e-22
6.923828125000000000e-01 -2.670075154689106781e-22
6.933593750000000000e-01 2.213562816907919527e-23
6.943359375000000000e-01 -2.085494880028985427e-22
6.953125000000000000e-01 8.170059808675815054e-23
6.962890625000000000e-01 7.074500800805505457e-24
6.972656250000000000e-01 -1.240090270156812216e-22
6.982421875000000000e-01 2.660686467238251579e-22
6.992187500000000000e-01 3.619623811178146355e-22
7.001953125000000000e-01 -1.872580002124988899e-22
7.011718750000000000e-01 1.527452400132396674e-22
7.021484375000000000e-01 -2.133373789446299372e-22
7.031250000000000000e-01 1.605063593073643789e-22
7.041015625000000000e-01 4.903333691275894692e-23
7.050781250000000000e-01 -2.292402274716257531e-22
7.060546875000000000e-01 1.579635893495237033e-22
7.070312500000000000e-01 -1.517964063030101384e-22
7.080078125000000000e-01 -1.334851740101978513e-22
7.089843750000000000e-01 -3.349262216958147517e-22
7.099609375000000000e-01 -6.864977501813292810e-23
7.109375000000000000e-01 -4.309786196389322515e-22
7.119140625000000000e-01 -1.324829041793057645e-22
7.128906250000000000e-01 2.427228557580043691e-22
7.138671875000000000e-01 3.966028856885638436e-22
7.148437500000000000e-01 -9.853544641645186333e-23
7.158203125000000000e-01 4.248534424335477070e-22
7.167968750000000000e-01 1.653880283220990985e-22
7.177734375000000000e-01 1.121382060904508604e-22
7.187500000000000000e-01 3.521775573185529264e-22
7.197265625000000000e-01 3.961784527934211684e-23
7.207031250000000000e-01 -4.525875069764443472e-22
7.216796875000000000e-01 -1.362714693550064078e-22
7.226562500000000000e-01 -9.182457115033805935e-23
7.236328125000000000e-01 -8.833046840064974203e-23
7.246093750000000000e-01 -2.082677106193069746e-22
7.255859375000000000e-01 -3.394662335750417594e-22
7.265625000000000000e-01 -1.780248409881113043e-22
7.275390625000000000e-01 2.089748018406349834e-22
7.285156250000000000e-01 -2.729539334550701459e-23
7.294921875000000000e-01 2.544044764360423084e-22
7.304687500000000000e-01 2.107541318930657653e-22
7.314453125000000000e-01 1.848316285965125914e-22
7.324218750000000000e-01 8.360411798203732969e-23
7.333984375000000000e-01 -1.878759909552831943e-22
7.343750000000000000e-01 3.018644477053665113e-22
7.353515625000000000e-01 -1.060074897490260935e-22
7.363281250000000000e-01 4.927894299596197693e-23
7.373046875000000000e-01 -2.827767041362562308e-22
7.382812500000000000e-01 -2.677993636901895571e-22
7.392578125000000000e-01 4.571751136044053877e-24
7.402343750000000000e-01 -9.340695665204426392e-23
7.412109375000000000e-01 8.533448133476018525e-23
7.421875000000000000e-01 2.661957152228343418e-22
7.431640625000000000e-01 -2.768370526112453742e-22
7.441406250000000000e-01 -5.669319547945298954e-22
7.451171875000000000e-01 1.995701539589853241e-22
7.460937500000000000e-01 2.012827981165275229e-22
7.470703125000000000e-01 1.799886115481162390e-22
7.480468750000000000e-01 -1.612717002953225738e-22
7.490234375000000000e-01 7.902136536965726045e-23
7.500000000000000000e-01 2.665734129020025996e-22
7.509765625000000000e-01 1.264726892119803115e-23
7.519531250000000000e-01 -7.819214233407123008e-23
7.529296875000000000e-01 -1.025854426711914071e-22
7.539062500000000000e-01 -1.043515868454525614e-22
7.548828125000000000e-01 3.747526164055486239e-23
7.558593750000000000e-01 1.984883175148257722e-23
7.568359375000000000e-01 5.136496411177408140e-23
7.578125000000000000e-01 1.429928630549319397e-22
7.587890625000000000e-01 1.126673606864503286e-22
7.597656250000000000e-01 -4.001548629817557908e-23
7.607421875000000000e-01 -1.301371864678207494e-22
7.617187500000000000e-01 -6.650279542414028521e-23
7.626953125000000000e-01 -9.553791577260803061e-23
7.636718750000000000e-01 -5.709861354704734413e-23
7.646484375000000000e-01 6.830103285592399269e-22
7.656250000000000000e-01 -1.231917524837876341e-22
7.666015625000000000e-01 -1.648054191340249190e-22
7.675781250000000000e-01 -2.715852767929535805e-22
7.685546875000000000e-01 3.900992471433648570e-22
7.695312500000000000e-01 1.944324221898815170e-23
7.705078125000000000e-01 -2.540839482118122076e-22
7.714843750000000000e-01 -1.574664471659378673e-22
7.724609375000000000e-01 3.222664472467451494e-22
7.734375000000000000e-01 2.918903970453958177e-22
7.744140625000000000e-01 2.571557418664292061e-22
7.753906250000000000e-01 4.187792169331412002e-23
7.763671875000000000e-01 -1.852055810234416461e-22
7.773437500000000000e-01 -2.662998773609188439e-23
7.783203125000000000e-01 5.565783977770112999e-23
7.792968750000000000e-01 -7.111427267473854638e-24
7.802734375000000000e-01 4.091426325559813247e-23
7.812500000000000000e-01 9.295859829800908143e-23
7.822265625000000000e-01 1.455483129042909745e-22
7.832031250000000000e-01 2.138596422831579278e-22
7.841796875000000000e-01 -3.024344341095937865e-23
7.851562500000000000e-01 -1.340365113893296168e-22
7.861328125000000000e-01 1.053366915854607556e-22
7.871093750000000000e-01 -2.902475028608505405e-22
7.880859375000000000e-01 -4.208722789955925076e-22
7.890625000000000000e-01 1.409462202133212995e-22
7.900390625000000000e-01 -1.279725785342661281e-22
7.910156250000000000e-01 -2.008211509277494968e-22
7.919921875000000000e-01 1.124048341244919426e-22
7.929687500000000000e-01 6.222531665707454405e-22
7.939453125000000000e-01 -3.323980857209883914e-22
7.949218750000000000e-01 -9.182695586815643088e-24
7.958984375000000000e-01 7.773238444440229767e-23
7.968750000000000000e-01 4.353053597811709785e-22
7.978515625000000000e-01 -2.750374771271457200e-23
7.988281250000000000e-01 1.969341381963792545e-22
7.998046875000000000e-01 2.052912587966529878e-22
8.007812500000000000e-01 2.555999923125556492e-22
8.017578125000000000e-01 -3.640320645640338994e-22
8.027343750000000000e-01 -5.263501511720355810e-23
8.037109375000000000e-01 -2.179712190526252555e-22
8.046875000000000000e-01 -1.298135356293629919e-22
8.056640625000000000e-01 5.935864545022485551e-22
8.066406250000000000e-01 3.888820735252654401e-22
8.076171875000000000e-01 -1.901116687934025352e-22
8.085937500000000000e-01 3.328107628901123821e-22
8.095703125000000000e-01 4.031324472517299455e-23
8.105468750000000000e-01 3.255512491679933623e-23
8.115234375000000000e-01 -1.173821545955199568e-23
8.125000000000000000e-01 -1.273682005078000813e-22
8.134765625000000000e-01 -7.252629140707666477e-23
8.144531250000000000e-01 -2.880787282026179949e-23
8.154296875000000000e-01 -1.179288043788167768e-23
8.164062500000000000e-01 -7.648127352749764727e-23
8.173828125000000000e-01 2.523751802255841530e-24
8.183593750000000000e-01 1.881278199741961079e-22
8.193359375000000000e-01 2.895022115252480587e-23
8.203125000000000000e-01 -1.949643162077387877e-22
8.212890625000000000e-01 -6.568589370990005687e-24
8.222656250000000000e-01 2.415725121739604391e-23
8.232421875000000000e-01 2.914416077395939747e-22
8.242187500000000000e-01 1.298159947242565760e-22
8.251953125000000000e-01 -5.039484736456777399e-24
8.261718750000000000e-01 -9.321819284204545797e-23
8.271484375000000000e-01 -3.115928578795507500e-22
8.281250000000000000e-01 -1.982901812979578998e-22
8.291015625000000000e-01 -6.430468130392643857e-23
8.300781250000000000e-01 -6.864990302713023862e-23
8.310546875000000000e-01 -3.297435890655716839e-22
8.320312500000000000e-01 -1.811764725380136735e-23
8.330078125000000000e-01 -1.876872677905673666e-22
8.339843750000000000e-01 -1.117699092949134822e-22
8.349609375000000000e-01 -9.511365161898499561e-24
8.359375000000000000e-01 -7.879902060212196551e-23
8.369140625000000000e-01 2.058061893659911727e-22
8.378906250000000000e-01 -1.840355823824216196e-22
8.388671875000000000e-01 1.759386928424943024e-22
8.398437500000000000e-01 2.590521008700012985e-22
8.408203125000000000e-01 -1.340077996989705686e-23
8.417968750000000000e-01 1.783846990750473544e-22
8.427734375000000000e-01 -1.591741924247206739e-22
8.437500000000000000e-01 -1.494410323852338715e-22
8.447265625000000000e-01 -1.013514310208116775e-22
8.457031250000000000e-01 -2.046914268301035673e-23
8.466796875000000000e-01 3.734588049515180284e-22
8.476562500000000000e-01 4.161420360872718532e-22
8.486328125000000000e-01 -8.374020565209099221e-23
8.496093750000000000e-01 -2.766527857064344046e-22
8.505859375000000000e-01 1.107521468119252706e-22
8.515625000000000000e-01 -4.137729111804581345e-22
8.525390625000000000e-01 -1.732209674611806960e-22
8.535156250000000000e-01 -3.606866527787323431e-22
8.544921875000000000e-01 7.296692374724098798e-23
8.554687500000000000e-01 1.494219161737972931e-22
8.564453125000000000e-01 -1.004676336251236947e-22
8.574218750000000000e-01 4.828173781971415633e-23
8.583984375000000000e-01 -1.036712726102674786e-22
8.593750000000000000e-01 -2.866594431652474077e-22
8.603515625000000000e-01 1.189810597587265796e-22
8.613281250000000000e-01 3.197055767345544476e-22
8.623046875000000000e-01 2.269225940290736045e-22
8.632812500000000000e-01 1.557160648664684978e-22
8.642578125000000000e-01 1.722347742231467254e-22
8.652343750000000000e-01 1.179567011912344610e-22
8.662109375000000000e-01 4.663871424665012634e-22
8.671875000000000000e-01 -2.962663778447868474e-22
8.681640625000000000e-01 -1.949749921840666592e-22
8.691406250000000000e-01 -1.726698571738329075e-22
8.701171875000000000e-01 2.434197022894706727e-22
8.710937500000000000e-01 -1.625144206331362677e-22
8.720703125000000000e-01 -1.791291358705640916e-23
8.730468750000000000e-01 -1.514583123783026668e-22
8.740234375000000000e-01 1.107001831964888812e-22
8.750000000000000000e-01 2.156346783948117329e-22
8.759765625000000000e-01 -1.823838709163312863e-22
8.769531250000000000e-01 -1.762955348029485638e-23
8.779296875000000000e-01 2.606774156682830557e-22
8.789062500000000000e-01 -9.091842368680061014e-23
8.798828125000000000e-01 -1.757368591909359856e-22
8.808593750000000000e-01 -1.581940104517926770e-23
8.818359375000000000e-01 1.174007630046892107e-22
8.828125000000000000e-01 1.077220459599678007e-23
8.837890625000000000e-01 -1.304222330175186249e-22
8.847656250000000000e-01 2.254587204053222801e-22
8.857421875000000000e-01 -8.195757235457164197e-24
8.867187500000000000e-01 1.206380220847784199e-22
8.876953125000000000e-01 -1.051512634071091096e-22
8.886718750000000000e-01 3.884266053833928464e-22
8.896484375000000000e-01 1.698197345332412630e-22
8.906250000000000000e-01 3.017752679159790151e-22
8.916015625000000000e-01 1.237540682564683664e-22
8.925781250000000000e-01 -7.047784165126315362e-23
8.935546875000000000e-01 -2.603255183907877057e-22
8.945312500000000000e-01 1.412199402620733782e-22
8.955078125000000000e-01 1.413134949136005982e-23
8.964843750000000000e-01 -1.364914774952869243e-22
8.974609375000000000e-01 -1.439068931206598198e-23
8.984375000000000000e-01 8.800256785398989021e-23
8.994140625000000000e-01 -1.135100203149629220e-22
9.003906250000000000e-01 -1.956277877159114550e-22
9.013671875000000000e-01 -6.757257883901682132e-23
9.023437500000000000e-01 -8.838365406115934151e-23
9.033203125000000000e-01 9.822671719039122350e-23
9.042968750000000000e-01 -4.143270393624812312e-22
9.052734375000000000e-01 2.075482068957896962e-22
9.062500000000000000e-01 3.215137806330227082e-22
9.072265625000000000e-01 -1.515799338175750919e-22
9.082031250000000000e-01 5.424882438282146842e-23
9.091796875000000000e-01 3.241550365604791249e-23
9.101562500000000000e-01 2.074695965539457561e-22
9.111328125000000000e-01 2.175101373649887115e-22
9.121093750000000000e-01 3.523551036697048246e-22
9.130859375000000000e-01 1.592170567797769232e-22
9.140625000000000000e-01 2.740128508381573501e-22
9.150390625000000000e-01 1.177449424991201148e-22
9.160156250000000000e-01 2.232246386242389484e-23
9.169921875000000000e-01 1.241333565637298800e-22
9.179687500000000000e-01 9.586807391446121341e-23
9.189453125000000000e-01 8.475877677217081050e-23
9.199218750000000000e-01 -2.538340768743603342e-22
9.208984375000000000e-01 2.253169596541154454e-22
9.218750000000000000e-01 1.807694458583214397e-22
9.228515625000000000e-01 -5.058764373542541757e-23
9.238281250000000000e-01 1.713695501918140529e-23
9.248046875000000000e-01 3.072437935783531869e-22
9.257812500000000000e-01 -3.260281186705344741e-22
9.267578125000000000e-01 -2.826718501010061412e-22
9.277343750000000000e-01 -1.012103750397317642e-22
9.287109375000000000e-01 -2.520757348114726583e-22
9.296875000000000000e-01 -2.060231310289416651e-23
9.306640625000000000e-01 -3.804745418370200237e-23
9.316406250000000000e-01 -4.394173234118637736e-22
9.326171875000000000e-01 5.067718307760783256e-23
9.335937500000000000e-01 1.728038965015415611e-22
9.345703125000000000e-01 -2.946170860593431323e-22
9.355468750000000000e-01 -1.249886055136341731e-22
9.365234375000000000e-01 -3.508904611320045361e-22
9.375000000000000000e-01 8.652993539833110908e-23
9.384765625000000000e-01 3.076047735263250536e-23
9.394531250000000000e-01 3.915671718107859473e-22
9.404296875000000000e-01 -1.602276385868481140e-22
9.414062500000000000e-01 2.666565158456682943e-23
9.423828125000000000e-01 1.743641146328677290e-22
9.433593750000000000e-01 5.535919432175845587e-22
9.443359375000000000e-01 2.970925978029107729e-22
9.453125000000000000e-01 -2.738371459065361019e-22
9.462890625000000000e-01 -2.207979001236906209e-22
9.472656250000000000e-01 3.211207046691640543e-22
9.482421875000000000e-01 -4.363201921188741020e-23
9.492187500000000000e-01 -5.331412497398984367e-22
9.501953125000000000e-01 -1.028144988513156700e-23
9.511718750000000000e-01 -4.713289179459286072e-22
9.521484375000000000e-01 -2.852872021201174628e-22
9.531250000000000000e-01 5.519084547867375404e-23
9.541015625000000000e-01 -2.800280191139583717e-22
9.550781250000000000e-01 2.546376449825735092e-22
9.560546875000000000e-01 -2.051695523417320888e-22
9.570312500000000000e-01 2.600690776471298493e-24
9.580078125000000000e-01 2.092639863023597585e-22
9.589843750000000000e-01 -4.119343827346820979e-22
9.599609375000000000e-01 -2.687537604574798472e-22
9.609375000000000000e-01 1.394648027282225576e-22
9.619140625000000000e-01 -2.087104347791699229e-22
9.628906250000000000e-01 -4.188083008321759081e-23
9.638671875000000000e-01 -1.797608919245355500e-23
9.648437500000000000e-01 -6.251848848055008316e-23
9.658203125000000000e-01 1.194158537561333964e-22
9.667968750000000000e-01 -1.016920110805756169e-22
9.677734375000000000e-01 7.345624480431208351e-23
9.687500000000000000e-01 1.001725039403257592e-22
9.697265625000000000e-01 1.574405511987344201e-22
9.707031250000000000e-01 -1.189320131873538887e-22
9.716796875000000000e-01 -2.336469917829781000e-22
9.726562500000000000e-01 -8.702742709648863500e-23
9.736328125000000000e-01 -2.838825467330468356e-22
9.746093750000000000e-01 -1.878430776365158302e-23
9.755859375000000000e-01 5.740911610447704724e-23
9.765625000000000000e-01 5.108091017168189395e-23
9.775390625000000000e-01 7.184476279362763848e-23
9.785156250000000000e-01 -3.596994173173325453e-22
9.794921875000000000e-01 -2.281860789253658566e-22
9.804687500000000000e-01 -9.838203233035873012e-23
9.814453125000000000e-01 1.109892147856785828e-22
9.824218750000000000e-01 1.797556715883413835e-22
9.833984375000000000e-01 -1.165751528824141825e-22
9.843750000000000000e-01 -1.869649383407076374e-22
9.853515625000000000e-01 6.841495631628738367e-23
9.863281250000000000e-01 7.998751411191241587e-23
9.873046875000000000e-01 -8.974652518907228061e-23
9.882812500000000000e-01 -6.638121651253968436e-23
9.892578125000000000e-01 -2.628823253414803964e-22
9.902343750000000000e-01 -6.719397097724545977e-22
9.912109375000000000e-01 -2.611807864080114451e-22
9.921875000000000000e-01 -9.511491449389392336e-23
9.931640625000000000e-01 -1.949354296676246601e-22
9.941406250000000000e-01 -2.008056991987385321e-22
9.951171875000000000e-01 3.282781777971453724e-22
9.960937500000000000e-01 8.820983443298360813e-23
9.970703125000000000e-01 -1.304785368600729453e-22
9.980468750000000000e-01 -1.382271513039283078e-23
9.990234375000000000e-01 1.093061952431285508e-22
